10209
14829
12041
1217
8545
6394
22491
7199
23466
12034
13694
30344
2291
17019
11090
7537
1799
7151
3150
22516
26826
14134
20164
17306
13753
17652
11992
28489
22865
2983
10292
8081
5898
10267
14830
24703
27753
956
16516
19710
17973
19369
32489
11706
10566
28459
7280
2731
8603
25448
22773
25169
25978
11463
27317
13200
20236
23935
25267
23014
16540
18227
32562
22883
7648
5941
19783
10866
11853
20516
30223
21822
4117
342
18131
25674
24909
13186
18554
19769
705
28127
2483
731
579
7829
27311
6032
6651
22452
6225
1749
12424
18480
32128
4745
681
21804
24636
1464
